
y<-4
z<-6

x1 <- y + z
x1


