
y<-4
z<-6
x1 <- y *z
x1
x2<- y+z
x2
x3<- y**z
